20171027133011781
20171027132411362
20171027141311628
20171027092711459
20171027134211789
20171027133811473
20171027101811567
20171027103111752
20171027133211510
20171027141411637
20171027071922321
20171027093411273
20171027135412947
20171027133611687
20171027122211355
20171027132711918
20171027095711112
20171027131511906
20171027131711778
20171027132011601
20171027072812298
20171027134411232
20171027095011427
20171027131411034
20171027070212871
20171027121811315
20171027073011591
20171027133411500
20171027121312338
20171027151811528
20171027134011172
20171027122611778
20171027151112059
20171027131811220
20171027135711478
20171027115011737
20171027115612084
20171027070316324
20171027110911013
